%YAML:1.0
K: !!opencv-matrix
   rows: 3
   cols: 3
   dt: d
   data: [ 2.5728002848023954e+002, 0., 5.8200649149222397e+002, 0.,
       2.5738016483234645e+002, 4.1965471653454665e+002, 0., 0., 1. ]
Dist: [ -7.6484662301449610e-002, 9.0841706410195039e-003,
    -1.1737195378312698e-002, 3.7254531454756902e-003 ]
imgW: 1024
imgH: 768
