%YAML:1.0
---
Rcb: !!opencv-matrix
   rows: 3
   cols: 3
   dt: d
   data: [ 1.9740973732038322e-01, -9.7260092062858672e-01,
       1.2278780396897288e-01, 9.6946508589198721e-01,
       2.1227482760072824e-01, 1.2278780396897285e-01,
       -1.4548829110117076e-01, 9.4798980793607171e-02,
       9.8480775301220824e-01 ]
