%YAML:1.0
---
Rcb: !!opencv-matrix
   rows: 3
   cols: 3
   dt: d
   data: [ -7.9458812006945445e-01, -5.9460312363875734e-01,
       1.2278780396897288e-01, 6.0669672018679777e-01,
       -7.8539305122407321e-01, 1.2278780396897285e-01,
       2.3426676227600592e-02, 1.7206068827007809e-01,
       9.8480775301220824e-01 ]
