%YAML:1.0
---
Rcb: !!opencv-matrix
   rows: 3
   cols: 3
   dt: d
   data: [ -5.7176586969762233e-01, -8.1117627273324444e-01,
       1.2278780396897288e-01, 8.1983361185934178e-01,
       -5.5928168579182302e-01, 1.2278780396897285e-01,
       -3.0929583162208302e-02, 1.7087144434474075e-01,
       9.8480775301220824e-01 ]
