%YAML:1.0
---
Rcb: !!opencv-matrix
   rows: 3
   cols: 3
   dt: d
   data: [ 4.1054058997508769e-01, 9.0353725943061369e-01,
       1.2278780396897288e-01, -9.0971579889857890e-01,
       3.9666146829607390e-01, 1.2278780396897285e-01,
       6.2238165278446882e-02, -1.6211138266580374e-01,
       9.8480775301220824e-01 ]
