%YAML:1.0
---
Rcb: !!opencv-matrix
   rows: 3
   cols: 3
   dt: d
   data: [ 3.2568417521014192e-01, -9.3747158528361096e-01,
       1.2278780396897288e-01, 9.3237628824773477e-01,
       3.3999648867283072e-01, 1.2278780396897285e-01,
       -1.5685749944158472e-01, 7.4494392245181867e-02,
       9.8480775301220824e-01 ]
