%YAML:1.0
---
Rcb: !!opencv-matrix
   rows: 3
   cols: 3
   dt: d
   data: [ 8.0524897961681230e-01, -5.8008381810093601e-01,
       1.2278780396897288e-01, 5.6768939243519911e-01,
       8.1403434135976827e-01, 1.2278780396897285e-01,
       -1.7118070727344561e-01, -2.9169420021806034e-02,
       9.8480775301220824e-01 ]
