%YAML:1.0
---
Rcb: !!opencv-matrix
   rows: 3
   cols: 3
   dt: d
   data: [ -8.5925320511173942e-01, -4.9659549404085418e-01,
       1.2278780396897288e-01, 5.0969044357843107e-01,
       -8.5155082462604625e-01, 1.2278780396897285e-01,
       4.3584185549637181e-02, 1.6808958437993907e-01,
       9.8480775301220824e-01 ]
