%YAML:1.0
---
Rcb: !!opencv-matrix
   rows: 3
   cols: 3
   dt: d
   data: [ -2.8371319558837571e-01, 9.5101523533827204e-01,
       1.2278780396897288e-01, -9.4656082787421614e-01,
       -2.9823774799739117e-01, 1.2278780396897285e-01,
       1.5339303042547403e-01, -8.1389605134411583e-02,
       9.8480775301220824e-01 ]
