%YAML:1.0
---
Rcb: !!opencv-matrix
   rows: 3
   cols: 3
   dt: d
   data: [ -2.8103439120535795e-01, -9.5181028895274655e-01,
       1.2278780396897288e-01, 9.5600073862643464e-01,
       -2.6643149765406610e-01, 1.2278780396897285e-01,
       -8.4156156670473409e-02, 1.5189282702451901e-01,
       9.8480775301220824e-01 ]
