%YAML:1.0
---
Rcb: !!opencv-matrix
   rows: 3
   cols: 3
   dt: d
   data: [ 1.6088488355503955e-01, -9.7930547299602011e-01,
       1.2278780396897288e-01, 9.7672796184923816e-01,
       1.7585688425054738e-01, 1.2278780396897285e-01,
       -1.4183984907392766e-01, 1.0017557996703144e-01,
       9.8480775301220824e-01 ]
