%YAML:1.0
---
Rcb: !!opencv-matrix
   rows: 3
   cols: 3
   dt: d
   data: [ -4.1768495695122759e-01, -9.0025686997274745e-01,
       1.2278780396897288e-01, 9.0654515716636741e-01,
       -4.0385521318250117e-01, 1.2278780396897285e-01,
       -6.0952069323833971e-02, 1.6259930766208180e-01,
       9.8480775301220824e-01 ]
