%YAML:1.0
---
Rcb: !!opencv-matrix
   rows: 3
   cols: 3
   dt: d
   data: [ -5.4401236902107986e-01, -8.3004439492628901e-01,
       1.2278780396897288e-01, 8.3827468282229844e-01,
       -5.3124261061745814e-01, 1.2278780396897285e-01,
       -3.6689214917291206e-02, 1.6972799155059418e-01,
       9.8480775301220824e-01 ]
