%YAML:1.0
---
Rcb: !!opencv-matrix
   rows: 3
   cols: 3
   dt: d
   data: [ -4.7054395946820726e-01, -8.7379147249470168e-01,
       1.2278780396897288e-01, 8.8089200695641900e-01,
       -4.5711314493981631e-01, 1.2278780396897285e-01,
       -5.1163016801927849e-02, 1.6593985452196638e-01,
       9.8480775301220824e-01 ]
