%YAML:1.0
---
Rcb: !!opencv-matrix
   rows: 3
   cols: 3
   dt: d
   data: [ 5.0280406435339364e-01, -8.5563498529816184e-01,
       1.2278780396897288e-01, 8.4783799022239370e-01,
       5.1584290005013100e-01, 1.2278780396897285e-01,
       -1.6840075773392657e-01, 4.2365958052247923e-02,
       9.8480775301220824e-01 ]
