%YAML:1.0
---
Rcb: !!opencv-matrix
   rows: 3
   cols: 3
   dt: d
   data: [ 9.1513791001297451e-01, 3.8398666754662464e-01,
       1.2278780396897288e-01, -3.9795027401719973e-01,
       9.0915275647501215e-01, 1.2278780396897285e-01,
       -6.4483990778491096e-02, -1.6123121453467157e-01,
       9.8480775301220824e-01 ]
