%YAML:1.0
---
Rcb: !!opencv-matrix
   rows: 3
   cols: 3
   dt: d
   data: [ 9.4176903987144689e-01, 3.1304030209557726e-01,
       1.2278780396897288e-01, -3.2741988089373558e-01,
       9.3686678711117133e-01, 1.2278780396897285e-01,
       -7.6598284152747470e-02, -1.5584092040250738e-01,
       9.8480775301220824e-01 ]
