%YAML:1.0
---
Rcb: !!opencv-matrix
   rows: 3
   cols: 3
   dt: d
   data: [ 3.0309817170938452e-01, 9.4501568955383242e-01,
       1.2278780396897288e-01, -9.4954467965505607e-01,
       2.8859670222518768e-01, 1.2278780396897285e-01,
       8.0600245937621315e-02, -1.5380926487647209e-01,
       9.8480775301220824e-01 ]
