%YAML:1.0
---
Rcb: !!opencv-matrix
   rows: 3
   cols: 3
   dt: d
   data: [ -7.7770224791329590e-01, -6.1652442675621832e-01,
       1.2278780396897288e-01, 6.2835697203464869e-01,
       -7.6817359424281484e-01, 1.2278780396897285e-01,
       1.8620668249402297e-02, 1.7264692386773506e-01,
       9.8480775301220824e-01 ]
