%YAML:1.0
---
Rcb: !!opencv-matrix
   rows: 3
   cols: 3
   dt: d
   data: [ 4.5435243620126936e-01, -8.8231911399133167e-01,
       1.2278780396897288e-01, 8.7526067224081860e-01,
       4.6780541983289120e-01, 1.2278780396897285e-01,
       -1.6577882659290866e-01, 5.1682397975750340e-02,
       9.8480775301220824e-01 ]
