%YAML:1.0
---
Rcb: !!opencv-matrix
   rows: 3
   cols: 3
   dt: d
   data: [ 3.4524532086218818e-01, -9.3044549739317983e-01,
       1.2278780396897288e-01, 9.2505158870447168e-01,
       3.5944778957702611e-01, 1.2278780396897285e-01,
       -1.5838316406139127e-01, 7.1193138355800087e-02,
       9.8480775301220824e-01 ]
