%YAML:1.0
---
Rcb: !!opencv-matrix
   rows: 3
   cols: 3
   dt: d
   data: [ -8.4963082715061178e-01, -5.1288459983883727e-01,
       1.2278780396897288e-01, 5.2583034494683578e-01,
       -8.4168022640998807e-01, 1.2278780396897285e-01,
       4.0372092941274501e-02, 1.6888985676643498e-01,
       9.8480775301220824e-01 ]
