%YAML:1.0
---
Rcb: !!opencv-matrix
   rows: 3
   cols: 3
   dt: d
   data: [ 9.9201436343572269e-01, 2.8821136925789057e-02,
       1.2278780396897288e-01, -4.4003154425670710e-02,
       9.9145694692057473e-01, 1.2278780396897285e-01,
       -1.1819993713115261e-01, -1.2721031589158655e-01,
       9.8480775301220824e-01 ]
