%YAML:1.0
---
Rcb: !!opencv-matrix
   rows: 3
   cols: 3
   dt: d
   data: [ 9.9242658099058478e-01, -3.5547911070928214e-03,
       1.2278780396897288e-01, -1.1637329914936913e-02,
       9.9236471508660962e-01, 1.2278780396897285e-01,
       -1.2228676909538842e-01, -1.2328680266458743e-01,
       9.8480775301220824e-01 ]
