%YAML:1.0
---
Rcb: !!opencv-matrix
   rows: 3
   cols: 3
   dt: d
   data: [ 9.1736729213612822e-01, 3.7862964294321272e-01,
       1.2278780396897288e-01, -3.9262800365876466e-01,
       9.1146388076511853e-01, 1.2278780396897285e-01,
       -6.5425545941632648e-02, -1.6085144558033987e-01,
       9.8480775301220824e-01 ]
