%YAML:1.0
---
Rcb: !!opencv-matrix
   rows: 3
   cols: 3
   dt: d
   data: [ 8.8735260131611793e-01, 4.4444180286511759e-01,
       1.2278780396897288e-01, -4.5797299850296974e-01,
       8.8044527816251927e-01, 1.2278780396897285e-01,
       -5.3535909254607487e-02, -1.6518957602502696e-01,
       9.8480775301220824e-01 ]
