%YAML:1.0
---
Rcb: !!opencv-matrix
   rows: 3
   cols: 3
   dt: d
   data: [ -2.4560840424550298e-01, -9.6156105732317110e-01,
       1.2278780396897288e-01, 9.6520807641087925e-01,
       -2.3086040030219038e-01, 1.2278780396897285e-01,
       -8.9721129034291053e-02, 1.4867349666923743e-01,
       9.8480775301220824e-01 ]
