%YAML:1.0
---
Rcb: !!opencv-matrix
   rows: 3
   cols: 3
   dt: d
   data: [ 9.8336558808152674e-01, 1.3384795617995288e-01,
       1.2278780396897288e-01, -1.4888527552003114e-01,
       9.8120147264962942e-01, 1.2278780396897285e-01,
       -1.0404467747269738e-01, -1.3902659708360826e-01,
       9.8480775301220824e-01 ]
