%YAML:1.0
---
Rcb: !!opencv-matrix
   rows: 3
   cols: 3
   dt: d
   data: [ -1.9917344027220782e-01, 9.7224127452325859e-01,
       1.2278780396897288e-01, -9.6907848380375017e-01,
       -2.1403281857019410e-01, 1.2278780396897285e-01,
       1.4565999079623068e-01, -9.4534949559874543e-02,
       9.8480775301220824e-01 ]
