%YAML:1.0
---
Rcb: !!opencv-matrix
   rows: 3
   cols: 3
   dt: d
   data: [ 9.6862810650041076e-01, 2.1606190430963518e-01,
       1.2278780396897288e-01, -2.3086399474828859e-01,
       9.6520721667698861e-01, 1.2278780396897285e-01,
       -9.1985907759237137e-02, -1.4728300099045663e-01,
       9.8480775301220824e-01 ]
