%YAML:1.0
---
Rcb: !!opencv-matrix
   rows: 3
   cols: 3
   dt: d
   data: [ -1.7288432411480031e-01, -9.7725849480669413e-01,
       1.2278780396897288e-01, 9.7979044092410184e-01,
       -1.5790455050514199e-01, 1.2278780396897285e-01,
       -1.0060667149410296e-01, 1.4153440308957857e-01,
       9.8480775301220824e-01 ]
