%YAML:1.0
---
Rcb: !!opencv-matrix
   rows: 3
   cols: 3
   dt: d
   data: [ -3.3544129453161026e-01, -9.1048901624495282e-01,
       2.4184476264797528e-01, 9.2956884795861350e-01,
       -2.7823167987244085e-01, 2.4184476264797522e-01,
       -1.5290812544745180e-01, 3.0593607765782949e-01,
       9.3969262078590843e-01 ]
