%YAML:1.0
---
Rcb: !!opencv-matrix
   rows: 3
   cols: 3
   dt: d
   data: [ 7.5987690600107738e-01, 6.0340550089137757e-01,
       2.4184476264797528e-01, -6.4944539231085507e-01,
       7.2092426314138192e-01, 2.4184476264797522e-01,
       -2.8421297163036898e-02, -3.4083721672974832e-01,
       9.3969262078590843e-01 ]
