%YAML:1.0
---
Rcb: !!opencv-matrix
   rows: 3
   cols: 3
   dt: d
   data: [ 4.6486059358020665e-01, -8.5171341384059607e-01,
       2.4184476264797528e-01, 8.2119012871689778e-01,
       5.1687317910457453e-01, 2.4184476264797522e-01,
       -3.3098549973402608e-01, 8.6176431849596474e-02,
       9.3969262078590843e-01 ]
