%YAML:1.0
---
Rcb: !!opencv-matrix
   rows: 3
   cols: 3
   dt: d
   data: [ 4.0604251225127913e-01, 8.8127214243071050e-01,
       2.4184476264797528e-01, -9.0479431937728005e-01,
       3.5051155530502687e-01, 2.4184476264797522e-01,
       1.2836166821631062e-01, -3.1701902241543289e-01,
       9.3969262078590843e-01 ]
