%YAML:1.0
---
Rcb: !!opencv-matrix
   rows: 3
   cols: 3
   dt: d
   data: [ -2.3838800094465129e-01, 9.4057550031103687e-01,
       2.4184476264797528e-01, -9.2394959294230816e-01,
       -2.9635833121659910e-01, 2.4184476264797522e-01,
       2.9914596889705164e-01, -1.6579948049724144e-01,
       9.3969262078590843e-01 ]
