%YAML:1.0
---
Rcb: !!opencv-matrix
   rows: 3
   cols: 3
   dt: d
   data: [ 7.3978874766173430e-01, 6.2787237525856099e-01,
       2.4184476264797528e-01, -6.7261708617511673e-01,
       6.9935496435289579e-01, 2.4184476264797522e-01,
       -1.7287689792982373e-02, -3.4158295364688873e-01,
       9.3969262078590843e-01 ]
