%YAML:1.0
---
Rcb: !!opencv-matrix
   rows: 3
   cols: 3
   dt: d
   data: [ 5.2784161833030907e-01, 8.1418323290165129e-01,
       2.4184476264797528e-01, -8.4540143685236091e-01,
       4.7624313259899975e-01, 2.4184476264797522e-01,
       8.1729043346927377e-02, -3.3211164073863320e-01,
       9.3969262078590843e-01 ]
