%YAML:1.0
---
Rcb: !!opencv-matrix
   rows: 3
   cols: 3
   dt: d
   data: [ 6.6904090956306850e-01, 7.0277690066675236e-01,
       2.4184476264797528e-01, -7.4298191412659587e-01,
       6.2409052713570701e-01, 2.4184476264797522e-01,
       1.9029887330244726e-02, -3.4149032464875068e-01,
       9.3969262078590843e-01 ]
