%YAML:1.0
---
Rcb: !!opencv-matrix
   rows: 3
   cols: 3
   dt: d
   data: [ 2.3092988077494597e-01, -9.4243434834741335e-01,
       2.4184476264797528e-01, 9.2626816669289791e-01,
       2.8903009212039188e-01, 2.4184476264797522e-01,
       -2.9782322531435851e-01, 1.6816392271787706e-01,
       9.3969262078590843e-01 ]
