%YAML:1.0
---
Rcb: !!opencv-matrix
   rows: 3
   cols: 3
   dt: d
   data: [ 4.6915281559070249e-01, 8.4935666619098282e-01,
       2.4184476264797528e-01, -8.7686104735366810e-01,
       4.1548262829337734e-01, 2.4184476264797522e-01,
       1.0493016371446452e-01, -3.2552640320466558e-01,
       9.3969262078590843e-01 ]
