%YAML:1.0
---
Rcb: !!opencv-matrix
   rows: 3
   cols: 3
   dt: d
   data: [ -7.9743940490211662e-01, 5.5281236083241014e-01,
       2.4184476264797528e-01, -5.0220581119714491e-01,
       -8.3024119024507703e-01, 2.4184476264797522e-01,
       3.3448425778977375e-01, 7.1400698395287621e-02,
       9.3969262078590843e-01 ]
