%YAML:1.0
---
Rcb: !!opencv-matrix
   rows: 3
   cols: 3
   dt: d
   data: [ -2.1722718094538401e-01, -9.4568676771871252e-01,
       2.4184476264797528e-01, 9.5735487707160705e-01,
       -1.5805932470737960e-01, 2.4184476264797522e-01,
       -1.9048357201010740e-01, 2.8406651903168950e-01,
       9.3969262078590843e-01 ]
