%YAML:1.0
---
Rcb: !!opencv-matrix
   rows: 3
   cols: 3
   dt: d
   data: [ 9.1598495361616156e-02, -9.6598179404543238e-01,
       2.4184476264797528e-01, 9.5842572551560368e-01,
       1.5143064237344225e-01, 2.4184476264797522e-01,
       -2.7024034546561887e-01, 2.0963762573339290e-01,
       9.3969262078590843e-01 ]
