%YAML:1.0
---
Rcb: !!opencv-matrix
   rows: 3
   cols: 3
   dt: d
   data: [ 3.9974949647484903e-01, -8.8414447396782914e-01,
       2.4184476264797528e-01, 8.5760340439564831e-01,
       4.5390253529666325e-01, 2.4184476264797522e-01,
       -3.2359966136740465e-01, 1.1072956968855366e-01,
       9.3969262078590843e-01 ]
