%YAML:1.0
---
Rcb: !!opencv-matrix
   rows: 3
   cols: 3
   dt: d
   data: [ -3.4575174588643010e-01, 9.0662386963736508e-01,
       2.4184476264797528e-01, -8.8339384956903444e-01,
       -4.0140555218300961e-01, 2.4184476264797522e-01,
       3.1634006505671652e-01, -1.3002592695467757e-01,
       9.3969262078590843e-01 ]
