%YAML:1.0
---
Rcb: !!opencv-matrix
   rows: 3
   cols: 3
   dt: d
   data: [ 8.8576461549203123e-01, -3.9614663537886896e-01,
       2.4184476264797528e-01, 3.4035570889711875e-01,
       9.0866336021701910e-01, 2.4184476264797522e-01,
       -3.1556146368559318e-01, -1.3190428756153830e-01,
       9.3969262078590843e-01 ]
