%YAML:1.0
---
Rcb: !!opencv-matrix
   rows: 3
   cols: 3
   dt: d
   data: [ 9.6908124680801477e-01, 4.8914699884268040e-02,
       2.4184476264797528e-01, -1.0902183420244067e-01,
       9.6417080978780934e-01, 2.4184476264797522e-01,
       -2.2134989666173133e-01, -2.6073358373702443e-01,
       9.3969262078590843e-01 ]
