%YAML:1.0
---
Rcb: !!opencv-matrix
   rows: 3
   cols: 3
   dt: d
   data: [ -2.4350766814509858e-01, -9.3926307621149507e-01,
       2.4184476264797528e-01, 9.5257619846490138e-01,
       -1.8468810708299876e-01, 2.4184476264797522e-01,
       -1.8249000430898477e-01, 2.8926661882736793e-01,
       9.3969262078590843e-01 ]
