%YAML:1.0
---
Rcb: !!opencv-matrix
   rows: 3
   cols: 3
   dt: d
   data: [ 8.2121203016302502e-01, -5.1683838121338055e-01,
       2.4184476264797528e-01, 4.6482450233025635e-01,
       8.5173311125796558e-01, 2.4184476264797522e-01,
       -3.3098184776351769e-01, -8.6190457079414584e-02,
       9.3969262078590843e-01 ]
