%YAML:1.0
---
Rcb: !!opencv-matrix
   rows: 3
   cols: 3
   dt: d
   data: [ 4.6417893315526754e-01, 8.5208510654428293e-01,
       2.4184476264797528e-01, -8.7927522853694440e-01,
       4.1034885556200712e-01, 2.4184476264797522e-01,
       1.0683159877181431e-01, -3.2490735286288752e-01,
       9.3969262078590843e-01 ]
