%YAML:1.0
---
Rcb: !!opencv-matrix
   rows: 3
   cols: 3
   dt: d
   data: [ -3.5273635453406266e-01, -9.0392929755029228e-01,
       2.4184476264797528e-01, 9.2409620898041200e-01,
       -2.9590084036341435e-01, 2.4184476264797522e-01,
       -1.4704849791157573e-01, 3.0879526826436388e-01,
       9.3969262078590843e-01 ]
