%YAML:1.0
---
Rcb: !!opencv-matrix
   rows: 3
   cols: 3
   dt: d
   data: [ -7.4585800860100571e-01, 6.2065041833989509e-01,
       2.4184476264797528e-01, -5.7311720019501111e-01,
       -7.8297368130760081e-01, 2.4184476264797522e-01,
       3.3945913722622578e-01, 4.1776459808567090e-02,
       9.3969262078590843e-01 ]
