%YAML:1.0
---
Rcb: !!opencv-matrix
   rows: 3
   cols: 3
   dt: d
   data: [ 7.2093957676787912e-01, -6.4942839284211740e-01,
       2.4184476264797528e-01, 6.0338758293784456e-01,
       7.5989113400287178e-01, 2.4184476264797522e-01,
       -3.4083654646498340e-01, -2.8429334046620933e-02,
       9.3969262078590843e-01 ]
