%YAML:1.0
---
Rcb: !!opencv-matrix
   rows: 3
   cols: 3
   dt: d
   data: [ 5.8885418542318470e-02, -9.6852651913246068e-01,
       2.4184476264797528e-01, 9.6299774900323043e-01,
       1.1893883383679099e-01, 2.4184476264797522e-01,
       -2.6299780017674518e-01, 2.1865483196742705e-01,
       9.3969262078590843e-01 ]
