%YAML:1.0
---
Rcb: !!opencv-matrix
   rows: 3
   cols: 3
   dt: d
   data: [ 7.4473109452275332e-01, -6.2200217654819079e-01,
       2.4184476264797528e-01, 5.7453635409644410e-01,
       7.8193291822336652e-01, 2.4184476264797522e-01,
       -3.3953434976818980e-01, -4.1160706602334438e-02,
       9.3969262078590843e-01 ]
