%YAML:1.0
---
Rcb: !!opencv-matrix
   rows: 3
   cols: 3
   dt: d
   data: [ 6.0757726328667883e-01, 7.5654542488657894e-01,
       2.4184476264797528e-01, -7.9282832008448101e-01,
       5.5940536791468520e-01, 2.4184476264797522e-01,
       4.7677290286775503e-02, -3.3868075592129748e-01,
       9.3969262078590843e-01 ]
