%YAML:1.0
---
Rcb: !!opencv-matrix
   rows: 3
   cols: 3
   dt: d
   data: [ 1.7440905564971323e-01, -9.5451170348357683e-01,
       2.4184476264797528e-01, 9.4183340178323460e-01,
       2.3336870841045590e-01, 2.4184476264797522e-01,
       -2.8728265626869176e-01, 1.8559755884093906e-01,
       9.3969262078590843e-01 ]
