%YAML:1.0
---
Rcb: !!opencv-matrix
   rows: 3
   cols: 3
   dt: d
   data: [ 8.3185558328449916e-01, -4.9952717577540273e-01,
       2.4184476264797528e-01, 4.4688553016834459e-01,
       8.6128069391221229e-01, 2.4184476264797522e-01,
       -3.2910425625409878e-01, -9.3102991122454751e-02,
       9.3969262078590843e-01 ]
