%YAML:1.0
---
Rcb: !!opencv-matrix
   rows: 3
   cols: 3
   dt: d
   data: [ 3.6674694604104602e-01, -8.9833612214432890e-01,
       2.4184476264797528e-01, 8.7381783820292658e-01,
       4.2184534656448253e-01, 2.4184476264797522e-01,
       -3.1927897395213806e-01, 1.2263243956058706e-01,
       9.3969262078590843e-01 ]
