%YAML:1.0
---
Rcb: !!opencv-matrix
   rows: 3
   cols: 3
   dt: d
   data: [ 9.0645965724449373e-01, -3.4618203386071195e-01,
       2.4184476264797528e-01, 2.8920198718298751e-01,
       9.2621451154101198e-01, 2.4184476264797522e-01,
       -3.0772244051678455e-01, -1.4928053470866715e-01,
       9.3969262078590843e-01 ]
