%YAML:1.0
---
Rcb: !!opencv-matrix
   rows: 3
   cols: 3
   dt: d
   data: [ 1.7851965273866541e-02, 9.3524398278516641e-01,
       3.5355339059327373e-01, -9.2820176398597010e-01,
       -1.1593741990114245e-01, 3.5355339059327368e-01,
       3.7164874904833733e-01, -3.3448050366322618e-01,
       8.6602540378443871e-01 ]
