%YAML:1.0
K: !!opencv-matrix
   rows: 3
   cols: 3
   dt: d
   data: [ 2.8497729492187500e+02, 0., 4.2303878784179688e+02, 0.,
       2.8597808837890625e+02, 3.9817919921875000e+02, 0., 0., 1. ]
Dist: [ -4.5397621579468250e-03, 3.9585489779710770e-02,
    -3.6263160407543182e-02, 5.8410651981830597e-03 ]
imgW: 848
imgH: 800
